e,norm,nbkg,flat,fbkg,nder,nsec
6213.4561,7.46E-03,7.46E-03,7.46E-03,7.46E-03,1.21E-05,-6.78E-06
6219.2095,7.53E-03,7.53E-03,7.53E-03,7.53E-03,-2.70E-05,-5.26E-06
6224.9751,7.15E-03,7.15E-03,7.15E-03,7.15E-03,-4.85E-05,-1.45E-08
6230.7593,6.97E-03,6.97E-03,6.97E-03,6.97E-03,-2.71E-05,1.99E-06
6236.4192,6.84E-03,6.84E-03,6.84E-03,6.84E-03,-2.58E-05,-2.77E-08
6242.115,6.68E-03,6.68E-03,6.68E-03,6.68E-03,-2.74E-05,-5.76E-07
6247.9869,6.52E-03,6.52E-03,6.52E-03,6.52E-03,-3.24E-05,-1.46E-06
6253.8607,6.30E-03,6.30E-03,6.30E-03,6.30E-03,-4.46E-05,-1.67E-06
6259.5858,6.01E-03,6.01E-03,6.01E-03,6.01E-03,-5.18E-05,3.64E-07
6265.3509,5.70E-03,5.70E-03,5.70E-03,5.70E-03,-4.04E-05,2.27E-06
6271.2881,5.53E-03,5.53E-03,5.53E-03,5.53E-03,-2.52E-05,1.86E-06
6277.0638,5.41E-03,5.41E-03,5.41E-03,5.41E-03,-1.87E-05,-1.07E-06
6282.8421,5.32E-03,5.32E-03,5.32E-03,5.32E-03,-3.76E-05,-4.74E-06
6288.7995,4.97E-03,4.97E-03,4.97E-03,4.97E-03,-7.43E-05,-6.86E-07
6294.7678,4.43E-03,4.43E-03,4.43E-03,4.43E-03,-4.57E-05,5.13E-06
6300.5787,4.43E-03,4.43E-03,4.43E-03,4.43E-03,-1.39E-05,1.05E-06
6306.3796,4.27E-03,4.27E-03,4.27E-03,4.27E-03,-3.35E-05,-5.48E-06
6312.3714,4.03E-03,4.03E-03,4.03E-03,4.03E-03,-7.86E-05,-6.13E-06
6318.372,3.33E-03,3.33E-03,3.33E-03,3.33E-03,-1.07E-04,4.60E-06
6324.3719,2.75E-03,2.75E-03,2.75E-03,2.75E-03,-2.34E-05,1.25E-05
6330.2072,3.05E-03,3.05E-03,3.05E-03,3.05E-03,4.11E-05,3.22E-07
6336.0569,3.23E-03,3.23E-03,3.23E-03,3.23E-03,-1.96E-05,-7.12E-06
6342.1056,2.82E-03,2.82E-03,2.82E-03,2.82E-03,-4.37E-05,-1.52E-06
6348.1765,2.70E-03,2.70E-03,2.70E-03,2.70E-03,-3.81E-05,-5.08E-07
6354.0752,2.36E-03,2.36E-03,2.36E-03,2.36E-03,-4.98E-05,2.25E-06
6359.9742,2.11E-03,2.11E-03,2.11E-03,2.11E-03,-1.15E-05,2.03E-06
6366.0657,2.22E-03,2.22E-03,2.22E-03,2.22E-03,-2.54E-05,-1.11E-06
6372.1707,1.80E-03,1.80E-03,1.80E-03,1.80E-03,-2.50E-05,2.38E-06
6378.1219,1.92E-03,1.92E-03,1.92E-03,1.92E-03,3.29E-06,-1.31E-07
6384.056,1.84E-03,1.84E-03,1.84E-03,1.84E-03,-2.66E-05,-3.34E-06
6390.1792,1.60E-03,1.60E-03,1.60E-03,1.60E-03,-3.70E-05,-3.31E-07
6396.3252,1.39E-03,1.39E-03,1.39E-03,1.39E-03,-3.06E-05,5.41E-08
6402.4844,1.23E-03,1.23E-03,1.23E-03,1.23E-03,-3.64E-05,-9.80E-07
6408.4683,9.47E-04,9.47E-04,9.47E-04,9.47E-04,-4.25E-05,1.11E-07
6414.4709,7.16E-04,7.16E-04,7.16E-04,7.16E-04,-3.50E-05,2.04E-06
6420.672,5.20E-04,5.20E-04,5.20E-04,5.20E-04,-1.76E-05,6.87E-07
6426.898,4.97E-04,4.97E-04,4.97E-04,4.97E-04,-2.65E-05,-6.35E-07
6432.9589,1.94E-04,1.94E-04,1.94E-04,1.94E-04,-2.54E-05,2.00E-06
6439.0277,1.89E-04,1.89E-04,1.89E-04,1.89E-04,-2.19E-06,-8.02E-07
6445.3155,1.67E-04,1.67E-04,1.67E-04,1.67E-04,-3.53E-05,-4.38E-06
6451.6271,-2.56E-04,-2.56E-04,-2.56E-04,-2.56E-04,-5.74E-05,9.70E-07
6457.7758,-5.48E-04,-5.48E-04,-5.48E-04,-5.48E-04,-2.32E-05,5.35E-06
6463.9452,-5.42E-04,-5.42E-04,-5.42E-04,-5.42E-04,8.53E-06,1.03E-06
6470.0998,-4.43E-04,-4.43E-04,-4.43E-04,-4.43E-04,-1.05E-05,-2.47E-06
6476.2716,-6.72E-04,-6.72E-04,-6.72E-04,-6.72E-04,-2.19E-05,1.22E-06
6482.6317,-7.18E-04,-7.18E-04,-7.18E-04,-7.18E-04,4.70E-06,1.73E-06
6488.8072,-6.13E-04,-6.13E-04,-6.13E-04,-6.13E-04,-1.77E-07,-8.57E-07
6495.0038,-7.20E-04,-7.20E-04,-7.20E-04,-7.20E-04,-5.90E-06,-1.09E-06
6499.984,-6.79E-04,-6.79E-04,-6.79E-04,-6.79E-04,-1.23E-05,-3.96E-06
6501.8179,-8.04E-04,-8.04E-04,-8.04E-04,-8.04E-04,-3.29E-05,5.39E-04
6502.0082,-7.45E-04,-7.45E-04,-7.45E-04,-7.45E-04,1.08E-03,1.24E-03
6502.3673,-2.11E-04,-2.11E-04,-2.11E-04,-2.11E-04,6.46E-04,-1.78E-03
6502.8634,-1.93E-04,-1.93E-04,-1.93E-04,-1.93E-04,-4.43E-04,-1.37E-03
6503.324,-6.35E-04,-6.35E-04,-6.35E-04,-6.35E-04,-6.60E-04,3.91E-04
6503.6405,-7.06E-04,-7.06E-04,-7.06E-04,-7.06E-04,-1.38E-04,1.40E-03
6503.9963,-7.28E-04,-7.28E-04,-7.28E-04,-7.28E-04,2.82E-04,9.54E-04
6504.3912,-4.94E-04,-4.94E-04,-4.94E-04,-4.94E-04,5.78E-04,-4.44E-04
6504.7862,-2.71E-04,-2.71E-04,-2.71E-04,-2.71E-04,-6.85E-05,-1.37E-03
6505.1812,-5.48E-04,-5.48E-04,-5.48E-04,-5.48E-04,-5.06E-04,-3.58E-05
6505.3717,-5.67E-04,-5.67E-04,-5.67E-04,-5.67E-04,-8.95E-05,3.77E-03
6505.5621,-5.82E-04,-5.82E-04,-5.82E-04,-5.82E-04,9.30E-04,4.02E-04
6505.9216,-5.57E-05,-5.57E-05,-5.57E-05,-5.57E-05,1.31E-04,-2.02E-03
6506.4165,-4.70E-04,-4.70E-04,-4.70E-04,-4.70E-04,-7.95E-04,-6.77E-04
6506.8758,-8.14E-04,-8.14E-04,-8.14E-04,-8.14E-04,-5.15E-04,4.21E-05
6507.1963,-8.72E-04,-8.72E-04,-8.72E-04,-8.72E-04,-7.62E-04,1.34E-03
6507.5525,-1.33E-03,-1.33E-03,-1.33E-03,-1.33E-03,3.94E-04,2.20E-03
6507.9479,-5.76E-04,-5.76E-04,-5.76E-04,-5.76E-04,8.93E-04,-2.04E-04
6508.3469,-6.21E-04,-6.21E-04,-6.21E-04,-6.21E-04,2.32E-04,-8.59E-04
6508.7424,-3.92E-04,-3.92E-04,-3.92E-04,-3.92E-04,2.11E-04,-1.33E-03
6508.933,-4.97E-04,-4.97E-04,-4.97E-04,-4.97E-04,-5.48E-04,-8.87E-04
6509.1237,-6.01E-04,-6.01E-04,-6.01E-04,-6.01E-04,-1.27E-04,1.24E-03
6509.4836,-5.67E-04,-5.67E-04,-5.67E-04,-5.67E-04,1.36E-04,2.46E-04
6509.9808,-4.85E-04,-4.85E-04,-4.85E-04,-4.85E-04,8.35E-05,-4.11E-04
6510.446,-4.87E-04,-4.87E-04,-4.87E-04,-4.87E-04,-2.60E-04,-3.28E-04
6510.7669,-6.89E-04,-6.89E-04,-6.89E-04,-6.89E-04,-1.75E-04,1.39E-03
6511.1235,-6.05E-04,-6.05E-04,-6.05E-04,-6.05E-04,6.82E-04,4.34E-04
6511.5229,-1.73E-04,-1.73E-04,-1.73E-04,-1.73E-04,1.54E-04,-1.29E-03
6511.9188,-4.83E-04,-4.83E-04,-4.83E-04,-4.83E-04,-3.45E-04,2.88E-04
6512.1168,-3.78E-04,-3.78E-04,-3.78E-04,-3.78E-04,3.25E-04,5.43E-04
6512.3147,-3.54E-04,-3.54E-04,-3.54E-04,-3.54E-04,-1.30E-04,4.20E-04
6512.6965,-4.53E-04,-4.53E-04,-4.53E-04,-4.53E-04,5.68E-04,4.68E-04
6513.0568,6.73E-05,6.73E-05,6.73E-05,6.73E-05,2.18E-04,-7.30E-04
6513.551,-2.67E-04,-2.67E-04,-2.67E-04,-2.67E-04,-5.55E-05,-3.59E-04
6514.0132,1.42E-05,1.42E-05,1.42E-05,1.42E-05,-1.25E-04,-3.67E-04
6514.3345,-3.65E-04,-3.65E-04,-3.65E-04,-3.65E-04,-3.43E-04,6.64E-04
6514.6879,-2.17E-04,-2.17E-04,-2.17E-04,-2.17E-04,3.22E-04,1.17E-03
6515.0878,-1.22E-04,-1.22E-04,-1.22E-04,-1.22E-04,5.42E-04,-7.07E-04
6515.4841,2.15E-04,2.15E-04,2.15E-04,2.15E-04,-2.41E-04,-1.23E-03
6515.8805,-3.13E-04,-3.13E-04,-3.13E-04,-3.13E-04,-4.30E-04,2.66E-03
6516.0716,-3.78E-05,-3.78E-05,-3.78E-05,-3.78E-05,1.32E-03,-3.87E-05
6516.2627,1.92E-04,1.92E-04,1.92E-04,1.92E-04,-4.44E-04,-2.63E-03
6516.6234,-2.83E-04,-2.83E-04,-2.83E-04,-2.83E-04,-1.28E-04,1.28E-03
6517.1218,8.24E-05,8.24E-05,8.24E-05,8.24E-05,6.53E-04,8.95E-04
6517.5845,3.45E-04,3.45E-04,3.45E-04,3.45E-04,7.32E-04,-2.37E-04
6517.9026,6.54E-04,6.54E-04,6.54E-04,6.54E-04,4.69E-04,-1.67E-03
6518.26,6.62E-04,6.62E-04,6.62E-04,6.62E-04,-3.95E-04,-4.17E-04
6518.6567,3.56E-04,3.56E-04,3.56E-04,3.56E-04,1.54E-04,1.10E-03
6519.0535,7.84E-04,7.84E-04,7.84E-04,7.84E-04,4.77E-04,1.87E-04
6519.454,7.36E-04,7.36E-04,7.36E-04,7.36E-04,3.03E-04,7.97E-04
6519.6453,9.63E-04,9.63E-04,9.63E-04,9.63E-04,9.49E-04,-3.36E-03
6519.8366,1.10E-03,1.10E-03,1.10E-03,1.10E-03,-9.81E-04,-2.04E-03
6520.2013,4.17E-04,4.17E-04,4.17E-04,4.17E-04,-1.83E-04,1.74E-03
6520.6985,9.41E-04,9.41E-04,9.41E-04,9.41E-04,5.16E-04,3.21E-04
6521.1635,9.13E-04,9.13E-04,9.13E-04,9.13E-04,1.26E-04,1.94E-04
6521.4855,1.04E-03,1.04E-03,1.04E-03,1.04E-03,6.69E-04,3.37E-04
6521.8398,1.37E-03,1.37E-03,1.37E-03,1.37E-03,3.54E-04,-8.55E-04
6522.2405,1.31E-03,1.31E-03,1.31E-03,1.31E-03,2.32E-05,-2.18E-04
6522.6342,1.38E-03,1.38E-03,1.38E-03,1.38E-03,1.81E-04,1.88E-04
6523.0315,1.45E-03,1.45E-03,1.45E-03,1.45E-03,1.72E-04,8.38E-05
6523.2248,1.49E-03,1.49E-03,1.49E-03,1.49E-03,2.30E-04,6.40E-04
6523.4182,1.54E-03,1.54E-03,1.54E-03,1.54E-03,4.20E-04,-1.30E-04
6523.7762,1.72E-03,1.72E-03,1.72E-03,1.72E-03,1.59E-04,-6.62E-04
6524.2757,1.68E-03,1.68E-03,1.68E-03,1.68E-03,-1.48E-04,-2.24E-05
6524.7359,1.57E-03,1.57E-03,1.57E-03,1.57E-03,1.37E-04,6.43E-04
6525.0547,1.78E-03,1.78E-03,1.78E-03,1.78E-03,3.53E-04,-3.81E-04
6525.4129,1.81E-03,1.81E-03,1.81E-03,1.81E-03,-1.21E-04,-3.07E-04
6525.8106,1.69E-03,1.69E-03,1.69E-03,1.69E-03,1.20E-04,6.83E-04
6526.2083,1.91E-03,1.91E-03,1.91E-03,1.91E-03,4.22E-04,5.45E-04
6526.6097,2.03E-03,2.03E-03,2.03E-03,2.03E-03,5.56E-04,9.31E-04
6526.7996,2.24E-03,2.24E-03,2.24E-03,2.24E-03,9.73E-04,-5.74E-04
6526.9896,2.40E-03,2.40E-03,2.40E-03,2.40E-03,3.37E-04,-9.78E-04
6527.3516,2.42E-03,2.42E-03,2.42E-03,2.42E-03,4.33E-04,3.36E-04
6527.8517,2.77E-03,2.77E-03,2.77E-03,2.77E-03,6.27E-04,-1.95E-04
6528.3196,3.03E-03,3.03E-03,3.03E-03,3.03E-03,2.44E-04,4.25E-04
6528.6387,2.96E-03,2.96E-03,2.96E-03,2.96E-03,9.62E-04,-8.29E-04
6528.9938,3.68E-03,3.68E-03,3.68E-03,3.68E-03,-3.15E-04,-1.87E-03
6529.3955,2.72E-03,2.72E-03,2.72E-03,2.72E-03,-4.56E-04,1.88E-03
6529.7937,3.31E-03,3.31E-03,3.31E-03,3.31E-03,1.19E-03,1.39E-03
6530.1919,3.67E-03,3.67E-03,3.67E-03,3.67E-03,6.55E-04,-1.50E-03
6530.3857,3.70E-03,3.70E-03,3.70E-03,3.70E-03,2.99E-04,1.78E-03
6530.5794,3.79E-03,3.79E-03,3.79E-03,3.79E-03,1.34E-03,3.57E-04
6530.9455,4.45E-03,4.45E-03,4.45E-03,4.45E-03,4.99E-04,-1.22E-03
6531.4425,4.22E-03,4.22E-03,4.22E-03,4.22E-03,2.91E-04,9.33E-04
6531.9074,4.74E-03,4.74E-03,4.74E-03,4.74E-03,1.40E-03,1.33E-03
6532.2269,5.31E-03,5.31E-03,5.31E-03,5.31E-03,1.33E-03,-2.12E-04
6532.586,5.64E-03,5.64E-03,5.64E-03,5.64E-03,1.25E-03,-4.92E-04
6532.9845,6.26E-03,6.26E-03,6.26E-03,6.26E-03,9.62E-04,-5.79E-04
6533.3832,6.41E-03,6.41E-03,6.41E-03,6.41E-03,7.92E-04,3.17E-04
6533.7819,6.90E-03,6.90E-03,6.90E-03,6.90E-03,1.21E-03,6.44E-04
6533.9723,7.12E-03,7.12E-03,7.12E-03,7.12E-03,1.17E-03,3.93E-03
6534.1627,7.34E-03,7.34E-03,7.34E-03,7.34E-03,2.71E-03,3.46E-03
6534.5255,8.62E-03,8.62E-03,8.62E-03,8.62E-03,3.09E-03,1.62E-03
6535.0268,1.00E-02,1.00E-02,1.00E-02,1.00E-02,4.11E-03,3.84E-03
6535.4922,1.26E-02,1.26E-02,1.26E-02,1.26E-02,6.80E-03,8.74E-03
6535.812,1.53E-02,1.53E-02,1.53E-02,1.53E-02,1.10E-02,1.09E-02
6536.1679,2.00E-02,2.00E-02,2.00E-02,2.00E-02,1.41E-02,9.48E-03
6536.567,2.60E-02,2.60E-02,2.60E-02,2.60E-02,1.81E-02,1.14E-02
6536.9661,3.45E-02,3.45E-02,3.45E-02,3.45E-02,2.32E-02,8.68E-03
6537.3652,4.46E-02,4.46E-02,4.46E-02,4.46E-02,2.51E-02,2.49E-03
6537.5576,4.93E-02,4.93E-02,4.93E-02,4.93E-02,2.47E-02,-1.66E-02
6537.75,5.41E-02,5.41E-02,5.41E-02,5.41E-02,1.87E-02,-1.52E-02
6538.286,6.29E-02,6.29E-02,6.29E-02,6.29E-02,1.36E-02,-7.47E-03
6538.7716,6.80E-02,6.80E-02,6.80E-02,6.80E-02,1.11E-02,-1.01E-03
6539.0811,7.17E-02,7.17E-02,7.17E-02,7.17E-02,1.28E-02,7.81E-05
6539.4013,7.61E-02,7.61E-02,7.61E-02,7.61E-02,1.11E-02,-1.34E-02
6539.7576,7.92E-02,7.92E-02,7.92E-02,7.92E-02,3.74E-03,-2.03E-02
6540.1571,7.89E-02,7.89E-02,7.89E-02,7.89E-02,-4.24E-03,-1.40E-02
6540.5603,7.58E-02,7.58E-02,7.58E-02,7.58E-02,-7.49E-03,-3.33E-03
6540.9599,7.29E-02,7.29E-02,7.29E-02,7.29E-02,-6.92E-03,2.63E-03
6541.1543,7.17E-02,7.17E-02,7.17E-02,7.17E-02,-5.93E-03,9.39E-03
6541.3487,7.06E-02,7.06E-02,7.06E-02,7.06E-02,-3.26E-03,8.53E-03
6541.8853,6.93E-02,6.93E-02,6.93E-02,6.93E-02,3.07E-04,7.07E-03
6542.3679,7.09E-02,7.09E-02,7.09E-02,7.09E-02,3.94E-03,1.07E-02
6542.6813,7.25E-02,7.25E-02,7.25E-02,7.25E-02,8.79E-03,1.58E-02
6542.9983,7.64E-02,7.64E-02,7.64E-02,7.64E-02,1.39E-02,1.09E-02
6543.355,8.18E-02,8.18E-02,8.18E-02,8.18E-02,1.62E-02,9.77E-03
6543.7514,8.86E-02,8.86E-02,8.86E-02,8.86E-02,2.13E-02,1.48E-02
6544.1514,9.88E-02,9.88E-02,9.88E-02,9.88E-02,2.80E-02,1.76E-02
6544.5515,0.11096623,0.11096623,0.11096623,0.11096623,3.54E-02,2.39E-02
6544.9372,0.12655595,0.12655595,0.12655595,0.12655595,4.67E-02,3.33E-02
6545.3013,0.14601452,0.14601452,0.14601452,0.14601452,6.03E-02,3.67E-02
6545.6474,0.16940968,0.16940968,0.16940968,0.16940968,7.28E-02,4.20E-02
6545.9612,0.19407421,0.19407421,0.19407421,0.19407421,8.81E-02,4.24E-02
6546.2713,0.2243424,0.2243424,0.2243424,0.2243424,9.93E-02,2.24E-02
6546.5923,0.25674647,0.25674646,0.25674646,0.25674646,0.10216059,-5.59E-04
6546.9458,0.29324819,0.29324819,0.29324819,0.29324819,9.89E-02,-8.68E-03
6547.3426,0.33097063,0.33097062,0.33097062,0.33097062,9.56E-02,-3.32E-03
6547.7467,0.36985187,0.36985186,0.36985186,0.36985186,9.63E-02,1.65E-03
6548.1472,0.40842505,0.40842504,0.40842504,0.40842504,9.70E-02,5.18E-03
6548.5334,0.44613924,0.44613923,0.44613923,0.44613923,0.10033738,1.05E-02
6548.9015,0.48410954,0.48410953,0.48410953,0.48410953,0.10490881,1.56E-02
6549.2481,0.52111578,0.52111577,0.52111577,0.52111577,0.11148915,1.69E-02
6549.5658,0.55816319,0.55816318,0.55816318,0.55816318,0.11611141,5.19E-03
6549.8763,0.59405593,0.59405591,0.59405591,0.59405591,0.1147467,-1.10E-02
6550.1976,0.63066773,0.63066772,0.63066772,0.63066772,0.10913292,-2.35E-02
6550.5515,0.66774968,0.66774966,0.66774966,0.66774966,9.89E-02,-1.86E-02
6550.9524,0.70528784,0.70528782,0.70528782,0.70528782,9.51E-02,-1.66E-03
6551.357,0.7443468,0.74434678,0.74434678,0.74434678,9.75E-02,4.65E-03
6551.758,0.78384611,0.78384609,0.78384609,0.78384609,9.88E-02,6.73E-03
6552.1446,0.8221989,0.82219888,0.82219888,0.82219888,0.10281851,1.51E-02
6552.5095,0.86112038,0.86112037,0.86112037,0.86112037,0.11018736,2.57E-02
6552.8601,0.90103928,0.90103926,0.90103926,0.90103926,0.12122266,3.35E-02
6553.1781,0.9421707,0.94217068,0.94217068,0.94217068,0.13256289,2.44E-02
6553.4854,0.98393138,0.98393136,0.98393136,0.98393136,0.13646279,-3.10E-04
6553.8071,1.0280035,2.3654384,1.0280049,2.3654398,0.1323679,-2.50E-02
6554.1578,1.0729398,2.7889314,1.0729622,2.7889538,0.11968245,-2.83E-02
6554.5592,1.1180111,2.6451234,1.1180577,2.6451699,0.11111346,-1.48E-02
6554.9606,1.1621382,2.5091508,1.1622088,2.5092213,0.1078413,-1.02E-02
6555.3621,1.204594,2.380794,1.2046886,2.3808886,0.10289366,-1.15E-02
6555.7491,1.2432706,2.2640677,1.2433883,2.2641855,9.88E-02,-1.25E-02
6556.1181,1.2792817,2.1590156,1.2794215,2.1591554,9.34E-02,-1.42E-02
6556.4691,1.3105225,2.0645866,1.3106832,2.0647473,8.86E-02,-1.45E-02
6556.7875,1.3385884,1.9834106,1.3387681,1.9835903,8.37E-02,-2.85E-02
6557.0987,1.363248,1.9080995,1.3634462,1.9082977,7.06E-02,-4.67E-02
6557.4172,1.3830661,1.8350429,1.3832832,1.83526,5.43E-02,-5.09E-02
6557.7719,1.3998121,1.7583201,1.4000503,1.7585583,3.63E-02,-4.37E-02
6558.1737,1.4105569,1.6771354,1.410819,1.6773975,2.12E-02,-3.35E-02
6558.5756,1.4168654,1.60181,1.4171513,1.602096,9.42E-03,-3.00E-02
6558.9775,1.418127,1.5321234,1.4184367,1.5324331,-2.86E-03,-3.33E-02
6559.3687,1.4145993,1.4695228,1.4149321,1.4698557,-1.70E-02,-3.86E-02
6559.7381,1.4052181,1.4149267,1.4055728,1.4152814,-3.22E-02,-4.19E-02
6560.0894,1.3913789,1.3669265,1.3917543,1.3673019,-4.72E-02,-4.33E-02
6560.4119,1.3734142,1.3261182,1.3738087,1.3265126,-6.14E-02,-3.90E-02
6560.7234,1.3524503,1.2895144,1.3528631,1.2899272,-7.19E-02,-2.03E-02
6561.0423,1.3280551,1.254829,1.3284867,1.2552606,-7.42E-02,4.67E-03
6561.3974,1.3024615,1.2193653,1.302914,1.2198178,-6.88E-02,1.09E-02
6561.7997,1.2759438,1.183037,1.2764199,1.1835132,-6.59E-02,8.49E-03
6562.2021,1.2494356,1.1505743,1.2499353,1.1510741,-6.20E-02,8.48E-03
6562.6045,1.2260757,1.1217552,1.226599,1.1222785,-5.91E-02,3.65E-03
6562.9924,1.2027482,1.0972158,1.2032943,1.0977619,-5.91E-02,5.13E-03
6563.3623,1.1813041,1.0766007,1.1818717,1.0771683,-5.52E-02,1.03E-02
6563.7104,1.1631233,1.0595175,1.1637113,1.0601055,-5.17E-02,9.66E-03
6564.0296,1.1468246,1.045708,1.1474313,1.0463146,-4.87E-02,1.34E-02
6564.3379,1.132539,1.0339421,1.1331636,1.0345667,-4.33E-02,2.52E-02
6564.6571,1.11966,1.0232814,1.1203032,1.0239246,-3.29E-02,3.11E-02
6565.0127,1.1103082,1.0130954,1.1109722,1.0137593,-2.23E-02,2.29E-02
6565.4118,1.1028185,1.0035944,1.1035056,1.0042815,-1.57E-02,1.38E-02
6565.8146,1.0977182,0.99586585,1.0984287,0.99657639,-1.13E-02,1.00E-02
6566.2138,1.0937696,0.98982978,1.0945033,0.99056349,-7.68E-03,1.02E-02
6566.6095,1.0916114,0.98522744,1.092368,0.98598407,-3.15E-03,1.02E-02
6566.9761,1.0913708,0.98200289,1.0921487,0.98278075,8.22E-05,1.22E-02
6567.3283,1.0916705,0.97968684,1.0924687,0.98048506,5.61E-03,1.69E-02
6567.6478,1.095137,0.97812033,1.0959537,0.97893701,1.15E-02,1.22E-02
6567.9601,1.0989114,0.97697001,1.0997461,0.97780472,1.33E-02,5.44E-03
6568.2797,1.1035554,0.97607266,1.1044085,0.97692579,1.49E-02,5.69E-03
6568.6321,1.108921,0.97527825,1.1097944,0.97615168,1.71E-02,2.64E-03
6569.0317,1.1164491,0.97445787,1.1173455,0.97535429,1.69E-02,-1.60E-03
6569.4349,1.1224751,0.97365847,1.1233947,0.97457806,1.59E-02,3.67E-04
6569.8383,1.1292469,0.97288693,1.1301896,0.97382968,1.72E-02,-1.42E-04
6570.2344,1.1362082,0.97215613,1.1371737,0.97312159,1.58E-02,-4.81E-03
6570.6051,1.1413266,0.97149609,1.1423133,0.97248279,1.35E-02,-4.47E-03
6570.9577,1.1459642,0.97088956,1.146971,0.97189642,1.25E-02,-2.63E-03
6571.2812,1.149791,0.97035101,1.1508163,0.97137637,1.17E-02,-7.48E-03
6571.5902,1.1533723,0.96985257,1.1544153,0.97089558,7.79E-03,-1.50E-02
6571.9102,1.1546908,0.96935276,1.155752,0.97041402,2.27E-03,-1.29E-02
6572.2629,1.1549017,0.96882078,1.1559831,0.96990214,-8.89E-04,-9.60E-03
6572.6594,1.1540244,0.96824645,1.1551283,0.96935038,-4.92E-03,-1.03E-02
6573.0631,1.1509648,0.96768681,1.1520916,0.9688137,-9.17E-03,-7.13E-03
6573.4669,1.1466223,0.96715233,1.1477721,0.96830215,-1.07E-02,-5.35E-03
6573.8598,1.1424581,0.96665615,1.1436302,0.96782826,-1.34E-02,-8.67E-03
6574.231,1.1363597,0.96620889,1.1375528,0.96740204,-1.73E-02,-9.14E-03
6574.584,1.1299317,0.96580259,1.1311448,0.96701571,-2.01E-02,-1.27E-02
6574.9042,1.1228601,0.96544985,1.1240913,0.96668108,-2.58E-02,-1.32E-02
6575.2173,1.1135823,0.96511957,1.1148312,0.96636849,-2.84E-02,-4.93E-03
6575.5376,1.1048702,0.96479623,1.1061371,0.96606323,-2.89E-02,-9.25E-04
6575.8835,1.0943047,0.96446361,1.0955912,0.96575011,-2.90E-02,3.28E-03
6576.284,1.0832107,0.96409953,1.0845197,0.96540859,-2.65E-02,1.88E-03
6576.6882,1.0729891,0.96375479,1.0743209,0.96508658,-2.75E-02,-4.35E-03
6577.0925,1.0609753,0.96343247,1.0623298,0.96478698,-3.00E-02,-4.51E-03
6577.4858,1.049053,0.9631401,1.0504296,0.96451669,-3.11E-02,-3.70E-03
6577.8574,1.0371831,0.96288296,1.0385805,0.96428037,-3.28E-02,-4.66E-03
6578.2145,1.0251283,0.96265304,1.0265457,0.96407045,-3.45E-02,-4.93E-03
6578.5388,1.0136769,0.96245862,1.0151124,0.96389416,-3.62E-02,-3.73E-03
6578.8485,1.0021777,0.96228556,1.0036306,0.96373841,-3.69E-02,3.81E-03
6579.1692,0.99043475,0.96211924,0.99190549,0.96359,-3.38E-02,1.05E-02
6579.5191,0.97951374,0.96195253,0.98100399,0.96344281,-2.98E-02,8.13E-03
6579.9201,0.96802381,0.96178016,0.9695364,0.96329277,-2.77E-02,2.22E-03
6580.3284,0.95710089,0.96162482,0.9586362,0.96316015,-2.81E-02,2.62E-03
6580.7332,0.94521717,0.96149063,0.94677497,0.96304846,-2.56E-02,5.53E-03
6581.1307,0.93659037,0.96137772,0.93817024,0.9629576,-2.36E-02,-1.18E-03
6581.5027,0.92704727,0.96128871,0.92864777,0.96288922,-2.65E-02,-2.66E-03
6581.8565,0.91737672,0.96121879,0.91899681,0.96283889,-2.55E-02,1.85E-03
6582.1811,0.909716,0.96116708,0.91135405,0.96280514,-2.52E-02,-1.29E-03
6582.4949,0.90127913,0.96112827,0.90293452,0.96278368,-2.64E-02,3.32E-03
6582.8123,0.8930725,0.96110002,0.89474542,0.96277296,-2.31E-02,1.29E-02
6583.1627,0.88584041,0.96108152,0.88753265,0.96277378,-1.78E-02,9.43E-03
6583.5604,0.87977347,0.9610764,0.88148763,0.96279058,-1.61E-02,3.49E-03
6583.9656,0.8729425,0.96108825,0.87467895,0.96282472,-1.50E-02,2.40E-03
6584.3671,0.86769116,0.96111667,0.86944968,0.96287522,-1.41E-02,3.34E-03
6584.7614,0.86169846,0.96116045,0.86347863,0.96294063,-1.23E-02,4.09E-03
6585.1375,0.85820273,0.96121657,0.86000352,0.96301738,-1.10E-02,8.70E-04
6585.4954,0.85363994,0.96128278,0.85546033,0.96310319,-1.17E-02,-1.10E-03
6585.8205,0.8502277,0.96135354,0.85206587,0.96319174,-1.17E-02,3.64E-03
6586.1309,0.84618535,0.96143043,0.8480405,0.96328559,-9.36E-03,7.53E-03
6586.4487,0.84434407,0.96151838,0.84621657,0.9633909,-7.00E-03,5.21E-03
6586.7958,0.84152992,0.96162495,0.84342135,0.9635164,-5.90E-03,3.61E-03
6587.1941,0.83994616,0.96176052,0.84185929,0.96367366,-4.31E-03,4.34E-03
6587.5997,0.83806239,0.96191288,0.83999759,0.9638481,-2.41E-03,3.41E-03
6588.0053,0.8379914,0.96207937,0.83994865,0.96403664,-1.55E-03,-4.21E-04
6588.4038,0.83681645,0.9622563,0.83879533,0.9642352,-2.75E-03,1.11E-03
6588.7803,0.83586211,0.96243547,0.83786141,0.96443479,-6.91E-04,1.97E-03
6589.1386,0.83630885,0.96261652,0.83832755,0.96463524,-1.30E-03,-1.44E-03
6589.4677,0.83497008,0.96279168,0.83700658,0.9648282,-1.68E-03,5.96E-03
6589.7785,0.83523466,0.96296477,0.83728796,0.96501809,2.52E-03,6.05E-03
6590.1003,0.83656204,0.96315167,0.83863272,0.96522236,2.15E-03,-2.73E-03
6590.4478,0.83667204,0.96336203,0.83876146,0.96545147,6.86E-04,-2.40E-04
6590.8465,0.83707401,0.96361416,0.83918491,0.96572507,1.97E-03,1.22E-03
6591.2526,0.83825606,0.96388243,0.8403888,0.96601519,1.67E-03,-7.70E-04
6591.6587,0.83843035,0.96416202,0.84058492,0.9663166,1.34E-03,1.71E-03
6592.0576,0.83933668,0.96444727,0.84151266,0.96662327,3.05E-03,3.76E-03
6592.7823,0.8418524,0.96499162,0.8440672,0.96720643,5.57E-03,2.27E-03
6594.1319,0.85088505,0.96608947,0.85317192,0.96837636,7.76E-03,1.01E-03
6596.058,0.86727133,0.96782609,0.86966052,0.9702153,8.88E-03,2.67E-04
6597.7851,0.88330978,0.96952805,0.88579019,0.97200847,8.73E-03,1.75E-04
6599.8856,0.90070529,0.97174585,0.90329596,0.97433655,9.55E-03,5.92E-04
6601.8213,0.92184396,0.97389773,0.92453559,0.97658939,1.11E-02,7.50E-04
6603.7345,0.94352509,0.9760917,0.94631589,0.97888252,1.24E-02,6.64E-04
6605.4813,0.96735023,0.97812481,0.97023103,0.98100563,1.36E-02,3.15E-04
6607.3996,0.9932071,0.98035962,0.99618615,0.98333869,1.36E-02,-4.07E-04
6609.1499,1.0172047,0.98237288,1.0202729,0.98544105,1.21E-02,-1.00E-03
6611.2413,1.0395411,0.98470976,1.042715,0.98788373,9.73E-03,-1.41E-03
6613.0212,1.0548901,0.98660882,1.0581535,0.98987224,6.61E-03,-1.77E-03
6614.9212,1.0638482,0.98851598,1.0672065,0.99187431,3.22E-03,-1.59E-03
6616.8991,1.0673752,0.9903624,1.0708316,0.99381888,4.59E-04,-1.38E-03
6618.7823,1.0656194,0.99199261,1.0691687,0.99554193,-2.10E-03,-1.20E-03
6620.5899,1.0596418,0.99344339,1.0632796,0.99708126,-3.97E-03,-8.30E-04
6622.482,1.0509392,0.99484605,1.0546691,0.99857602,-5.17E-03,-4.46E-04
6624.2887,1.0405308,0.99607803,1.0443481,0.99989539,-5.62E-03,4.09E-05
6626.3425,1.0292555,0.99735522,1.0331715,1.0012712,-5.01E-03,5.04E-04
6628.1873,1.0210038,0.9983944,1.0250078,1.0023984,-3.65E-03,8.94E-04
6630.045,1.0157367,0.99934102,1.0198288,1.0034331,-1.70E-03,9.03E-04
6632.0989,1.0143577,1.0002753,1.0185465,1.0044641,-1.19E-04,7.21E-04
6633.926,1.0152767,1.001011,1.0195509,1.0052852,1.10E-03,4.79E-04
6635.7986,1.0184186,1.0016753,1.0227797,1.0060365,1.65E-03,6.81E-05
6637.6286,1.0213971,1.0022402,1.0258426,1.0066858,1.35E-03,-2.75E-04
6639.5064,1.0234229,1.0027369,1.0279545,1.0072685,6.34E-04,-4.53E-04
6641.5168,1.0238617,1.0031793,1.0284847,1.0078024,-4.13E-04,-4.64E-04
6643.6202,1.021723,1.0035482,1.026441,1.0082662,-1.28E-03,-3.94E-04
6645.3959,1.0189133,1.0037885,1.0237109,1.0085861,-1.94E-03,-2.47E-04
6647.3267,1.0145289,1.0039795,1.0194124,1.008863,-2.19E-03,2.01E-05
6649.1074,1.0107786,1.0040942,1.0157407,1.0090564,-1.87E-03,1.70E-04
6651.0398,1.007599,1.0041555,1.012646,1.0092025,-1.56E-03,1.30E-04
6653.0172,1.0046716,1.0041542,1.0098047,1.0092873,-1.36E-03,1.37E-04
6654.9657,1.0022691,1.0040937,1.0074863,1.009311,-1.03E-03,1.85E-04
6656.7367,1.0008555,1.0039911,1.0061488,1.0092844,-6.69E-04,1.18E-04
6658.8685,0.99965856,1.0038118,1.0050426,1.0091959,-5.66E-04,-4.09E-05
6660.6318,0.99865135,1.003621,1.0041099,1.0090796,-8.28E-04,-2.73E-04
6662.6011,0.99656793,1.0033663,1.0021091,1.0089075,-1.59E-03,-4.12E-04
6664.3717,0.99272049,1.0031033,0.99833532,1.0087181,-2.37E-03,-3.63E-04
6666.3366,0.98771331,1.0027773,0.99340931,1.0084733,-2.94E-03,-2.67E-04
6668.297,0.98117589,1.0024204,0.98695223,1.0081967,-3.42E-03,-1.28E-04
6670.9757,0.97185506,1.0018889,0.97774012,1.007774,-3.54E-03,-3.71E-05
6673.655,0.96222698,1.0013163,0.96821959,1.007309,-3.62E-03,6.84E-05
6676.0203,0.95360784,1.0007851,0.95969439,1.0068717,-3.19E-03,3.38E-04
6678.8433,0.94566862,1.0001301,0.95186605,1.0063275,-1.86E-03,5.79E-04
6681.6888,0.94304414,0.9994583,0.94935198,1.0057662,9.00E-05,7.27E-04
6684.0875,0.94614053,0.99889229,0.95254038,1.0052922,1.95E-03,5.98E-04
6686.7111,0.95282975,0.99828285,0.95932914,1.0047823,3.09E-03,3.60E-04
6689.5546,0.96305374,0.99764454,0.96965969,1.0042505,3.91E-03,2.32E-04
6691.9929,0.97350684,0.99711964,0.98020309,1.0038159,4.32E-03,3.04E-05
6694.4069,0.98401662,0.9966201,0.99080129,1.0034048,4.06E-03,-1.16E-04
6697.2635,0.9949184,0.99605411,1.0018064,1.0029422,3.71E-03,-1.69E-04
6700.1114,1.0051687,0.99551622,1.0121584,1.002506,3.10E-03,-3.05E-04
6702.495,1.0111287,0.99508568,1.0182024,1.0021595,2.11E-03,-3.32E-04
6705.1693,1.0158578,0.99462337,1.0230247,1.0017903,1.42E-03,-2.12E-04
6708.0286,1.0189886,0.99415256,1.0262538,1.0014178,9.40E-04,-1.41E-04
6710.6191,1.0209831,0.99374633,1.0283362,1.0010994,6.54E-04,-1.02E-04
6713.2409,1.0223973,0.99335419,1.0298382,1.0007951,4.07E-04,-6.87E-05
6715.9302,1.0231429,0.9929712,1.0306726,1.0005009,2.89E-04,-3.09E-05
6718.5461,1.0239307,0.99261669,1.0315456,1.0002316,2.43E-04,-4.62E-05
6721.1423,1.0244076,0.99228182,1.0321059,0.9999802,4.81E-05,-1.08E-04
6723.8229,1.0241846,0.99195315,1.0319679,0.99973652,-3.30E-04,-1.81E-04
6726.4774,1.022649,0.99164415,1.0305153,0.99951048,-9.16E-04,-2.35E-04
6729.0604,1.0193871,0.99135858,1.0273329,0.9993045,-1.56E-03,-2.36E-04
6731.7236,1.0144714,0.9910791,1.0224982,0.99910591,-2.15E-03,-2.11E-04
6734.3989,1.0078962,0.990813,1.016003,0.99891985,-2.69E-03,-1.06E-04
6736.9954,1.0003047,0.99056813,1.008488,0.99875153,-2.71E-03,6.40E-05
6739.6498,0.99365383,0.9903308,1.0019143,0.99859128,-2.35E-03,1.52E-04
6742.5209,0.98731417,0.99008816,0.99565666,0.99843067,-1.87E-03,2.08E-04
6745.1545,0.98336158,0.98987775,0.99177811,0.9982943,-1.21E-03,2.42E-04
6747.7934,0.98095543,0.98967793,0.98944497,0.99816749,-5.93E-04,2.17E-04
6750.6632,0.98009253,0.98947239,0.98866014,0.99804002,-7.96E-06,1.89E-04
6753.3378,0.98091131,0.98929117,0.98955043,0.99793032,4.52E-04,1.05E-04
6755.9567,0.98248702,0.98912273,0.991195,0.99783073,5.46E-04,-1.14E-06
6758.6527,0.98381273,0.98895798,0.9925904,0.99773567,4.46E-04,-5.39E-05
6761.3554,0.98489641,0.98880095,0.9937427,0.99764726,2.55E-04,-7.63E-05
6763.9754,0.98517021,0.98865585,0.99408186,0.99756751,4.00E-05,-9.35E-05
6766.6593,0.98510849,0.98851381,0.99408589,0.99749123,-2.41E-04,-5.13E-05
6769.3875,0.98386686,0.9883756,0.99290985,0.99741861,-2.38E-04,-1.65E-05
6772.0261,0.98383169,0.98824717,0.99293694,0.99735244,-3.29E-04,-6.73E-05
6774.8897,0.98205521,0.9881129,0.99122669,0.9972844,-6.08E-04,-1.01E-05
6778.1794,0.98008827,0.98796417,0.98933414,0.99721005,-3.92E-04,8.49E-05
6781.6556,0.9794057,0.98781209,0.98872819,0.99713461,-3.38E-05,8.31E-05
6784.9544,0.97985946,0.98767132,0.98925279,0.99706467,1.71E-04,4.27E-05
6788.2353,0.98053141,0.98753347,0.98999338,0.99699546,2.47E-04,2.61E-05
6791.5239,0.98148122,0.98739623,0.99101017,0.9969252,3.42E-04,1.81E-05
6794.8162,0.98278402,0.98725862,0.99237821,0.99685283,3.66E-04,-2.16E-05
6798.3493,0.9839811,0.98711039,0.99364326,0.99677258,1.95E-04,-5.96E-05
6801.6702,0.98411834,0.98697073,0.99384249,0.9966949,-4.19E-05,-4.97E-05
6804.979,0.98370321,0.98683142,0.99348728,0.99661551,-1.35E-04,7.74E-06
6808.4845,0.98319903,0.98668388,0.99304456,0.99652944,1.08E-05,5.15E-05
6811.9938,0.98377897,0.98653643,0.99368396,0.99644145,2.26E-04,3.61E-05
6815.2996,0.98474106,0.98639796,0.99470017,0.99635709,2.57E-04,3.09E-06
6818.5986,0.98547563,0.98626035,0.99548693,0.99627166,2.47E-04,-1.99E-05
6821.9082,0.98637119,0.98612307,0.99643299,0.99618489,1.26E-04,-2.88E-05
6825.2421,0.98631059,0.98598574,0.9964214,0.99609657,5.51E-05,-5.62E-06
6828.766,0.98674881,0.98584183,0.99690939,0.99600244,8.71E-05,1.04E-05
6832.3033,0.98692571,0.98569887,0.99713416,0.99590735,1.28E-04,2.24E-05
6835.8436,0.98765727,0.98555752,0.99791151,0.99581179,2.46E-04,1.48E-05
6839.1992,0.9886204,0.98542534,0.99891611,0.99572107,2.31E-04,-1.77E-05
6842.5386,0.98920209,0.98529571,0.99953719,0.99563083,1.27E-04,-2.83E-05
6845.8826,0.98947016,0.985168,0.99984281,0.99554068,4.15E-05,-2.82E-05
6849.2553,0.98948114,0.98504152,0.99988977,0.99545017,-6.20E-05,-1.88E-05
6852.8316,0.9890395,0.98491015,0.99948419,0.99535486,-8.94E-05,1.44E-05
6856.2294,0.9888578,0.98478816,0.99933476,0.99526514,3.83E-05,6.07E-06
6859.6199,0.98929926,0.98466938,0.99980648,0.99517662,-4.82E-05,-1.62E-05
6863.2163,0.98852109,0.9845468,0.99905829,0.99508403,-7.46E-05,1.72E-05
6866.6214,0.98877702,0.9844342,0.99934061,0.99499781,7.25E-05,1.80E-05
6870.0159,0.98901405,0.98432549,0.999602,0.99491346,4.75E-05,-6.80E-06
6873.4129,0.9890995,0.98422042,0.9997099,0.99483084,2.63E-05,-2.98E-05
6876.8398,0.98919353,0.98411841,0.9998246,0.9947495,-1.56E-04,-4.84E-05
6880.4538,0.98800117,0.98401537,0.9986519,0.99466612,-3.15E-04,-2.12E-05
6883.8835,0.98697702,0.98392212,0.99764438,0.99458949,-3.06E-04,1.06E-06
6887.3025,0.98590876,0.98383373,0.99659073,0.99451572,-3.07E-04,-3.64E-06
6890.9241,0.98481274,0.98374532,0.99550804,0.99444064,-3.31E-04,-1.62E-05
6894.3398,0.98357847,0.98366706,0.99428432,0.99437292,-4.22E-04,-1.82E-05
6897.7718,0.98192525,0.98359363,0.99263972,0.99430812,-4.56E-04,1.69E-05
6901.1973,0.98045086,0.98352574,0.99117196,0.99424686,-3.06E-04,9.52E-06
6904.6454,0.97982473,0.98346306,0.99055051,0.99418886,-3.91E-04,-2.42E-05
6908.2909,0.97767988,0.98340317,0.98840844,0.99413176,-4.77E-04,1.02E-05
6911.945,0.97634114,0.98334997,0.98707025,0.9940791,-3.16E-04,2.78E-05
6915.7889,0.97531046,0.98330165,0.98603771,0.99402892,-2.69E-04,2.86E-05
6919.8484,0.97421718,0.98325942,0.98493977,0.99398204,-8.97E-05,5.11E-05
6923.9194,0.97458156,0.98322649,0.98529671,0.99394165,1.46E-04,3.30E-05
6927.9836,0.97540852,0.98320334,0.98611344,0.99390829,1.79E-04,1.67E-05
6932.0625,0.97603994,0.98319003,0.98673181,0.99388192,2.82E-04,2.75E-05
6936.1481,0.97771137,0.98318652,0.98838738,0.99386254,4.03E-04,2.57E-05
6940.4328,0.97941521,0.98319322,0.99007155,0.99384958,4.97E-04,1.23E-05
6944.7421,0.98198048,0.98321051,0.99261393,0.99384398,5.09E-04,-7.02E-06
6948.8417,0.98369843,0.98323661,0.9943072,0.9938454,4.38E-04,-1.31E-05
6952.9512,0.98557387,0.98327203,0.99615506,0.99385325,4.01E-04,-1.43E-05
6957.0756,0.98700431,0.98331675,0.99755498,0.99386744,3.20E-04,-2.04E-05
6961.2048,0.98821519,0.98337055,0.99873243,0.99388782,2.33E-04,-2.33E-05
6965.3415,0.9889291,0.98343335,0.99940998,0.99391425,1.27E-04,-2.88E-05
6969.4748,0.98926871,0.98350483,0.99971037,0.99394652,-4.99E-06,-2.63E-05
6973.5999,0.98888789,0.9835847,0.99928756,0.99398439,-8.97E-05,-8.97E-06
6977.743,0.98852741,0.98367332,0.99888202,0.99402796,-7.91E-05,2.05E-06
6981.89,0.98823187,0.98377031,0.99853849,0.99407695,-7.27E-05,-6.71E-06
6986.0346,0.98792474,0.98387534,0.99818051,0.99413113,-1.35E-04,-3.43E-06
6990.194,0.98711282,0.98398872,0.99731465,0.99419058,-1.01E-04,5.11E-06
6994.3531,0.98708315,0.98410992,0.99722813,0.99425493,-9.23E-05,-1.14E-05
6998.5149,0.9863451,0.98423885,0.99643029,0.99432406,-1.96E-04,-1.44E-05
7002.691,0.98544547,0.98437575,0.99546773,0.99439804,-2.12E-04,7.61E-06
7006.8665,0.9845751,0.98452,0.99453152,0.99447644,-1.33E-04,6.53E-06
7011.043,0.98433585,0.98467149,0.99422347,0.99455913,-1.57E-04,2.98E-06
7015.2289,0.98325885,0.98483036,0.99307457,0.9946461,-1.08E-04,1.87E-05
7019.4208,0.9834316,0.98499636,0.99317237,0.99473715,-1.13E-06,1.88E-05
7023.6146,0.98324937,0.98516918,0.9929122,0.99483202,5.01E-05,1.27E-05
7027.8086,0.98385169,0.98534856,0.99343361,0.99493051,1.05E-04,1.00E-05
7031.9941,0.98413265,0.98553396,0.99363089,0.99503221,1.34E-04,9.61E-06
7036.1893,0.98497627,0.98572599,0.99438766,0.99513741,1.86E-04,6.32E-07
7040.3877,0.98569378,0.98592423,0.9950153,0.99524577,1.39E-04,3.24E-06
7044.59,0.9861481,0.98612854,0.9953767,0.99535716,2.13E-04,1.29E-05
7049.015,0.98753287,0.98634985,0.99666041,0.99547742,2.51E-04,-1.38E-05
7053.4231,0.98836247,0.98657642,0.99738607,0.99560004,9.16E-05,-2.75E-05
7057.6329,0.98832252,0.98679829,0.99724381,0.9957196,1.40E-05,-1.04E-05
7061.8614,0.98848042,0.98702637,0.99729593,0.99584191,3.70E-06,-8.04E-06
7066.0841,0.98835381,0.9872592,0.99706069,0.9959661,-5.40E-05,-8.11E-06
7070.3075,0.98802437,0.98749693,0.99661961,0.99609219,-6.48E-05,-6.06E-06
7074.5277,0.9878065,0.98773916,0.99628718,0.99621986,-1.05E-04,-1.01E-05
7078.9552,0.98711519,0.98799814,0.99547247,0.99635544,-1.52E-04,-2.31E-06
7083.6144,0.98642251,0.9882758,0.99464636,0.99649968,-1.26E-04,1.19E-05
7088.4897,0.98591295,0.98857173,0.99399329,0.99665209,-3.90E-05,1.56E-05
7093.3561,0.98604228,0.98887233,0.99397538,0.99680545,2.60E-05,1.06E-05
7098.25,0.98616711,0.98917973,0.99394812,0.99696075,6.47E-05,7.36E-06
7103.1522,0.98667607,0.98949266,0.99430069,0.9971173,9.82E-05,6.95E-06
7107.8474,0.98710932,0.989797,0.99458036,0.99726807,1.31E-04,4.56E-06
7112.5573,0.98791231,0.99010674,0.99522558,0.99742004,1.41E-04,8.92E-06
7117.4984,0.98847112,0.9904364,0.99561486,0.99758016,2.18E-04,1.63E-05
7122.4162,0.9900568,0.9907692,0.99702773,0.99774015,3.02E-04,3.18E-07
7127.3451,0.99144409,0.99110734,0.99823774,0.99790101,2.21E-04,-1.59E-05
7132.2774,0.99223262,0.99145023,0.99884478,0.99806241,1.45E-04,-7.48E-06
7136.9924,0.99284194,0.99178214,0.99927678,0.998217,1.48E-04,-2.13E-06
7141.9478,0.99366812,0.99213524,0.99991256,0.99837971,1.24E-04,-5.40E-06
7146.9417,0.99407819,0.9924954,1.0001266,0.99854382,9.47E-05,-4.42E-07
7151.7026,0.99459169,0.99284269,1.0004493,0.9987003,1.20E-04,7.30E-07
7156.4527,0.99521894,0.99319294,1.0008824,0.99885639,1.02E-04,1.36E-06
7161.4185,0.99557909,0.99356301,1.0010355,0.99901941,1.33E-04,7.19E-07
7166.3937,0.99654237,0.99393769,1.0017871,0.99918249,1.09E-04,-1.45E-05
7171.3602,0.99666054,0.99431552,1.0016899,0.99934494,-1.15E-05,-1.09E-05
7176.3528,0.99642804,0.99469905,1.0012368,0.99950779,-2.21E-07,3.18E-06
7181.3468,0.99665833,0.99508635,1.0012421,0.99967014,2.03E-05,-3.16E-07
7186.3527,0.99663099,0.99547812,1.0009851,0.99983222,-3.38E-06,-4.08E-07
7191.1604,0.99662512,0.99585763,1.0007546,0.99998717,1.63E-05,-2.51E-08
7195.9624,0.99678759,0.9962398,1.0006889,1.0001412,-3.62E-06,-3.74E-06
7200.9948,0.99658947,0.99664351,1.0002475,1.0003016,-2.05E-05,3.58E-06
7206.0362,0.99658103,0.99705115,0.99999108,1.0004612,3.25E-05,1.04E-05
7211.0757,0.99691667,0.99746175,1.0000746,1.0006197,8.40E-05,3.69E-06
7216.1582,0.99743115,0.99787888,1.0003304,1.0007781,6.98E-05,-7.56E-06
7221.0229,0.99761111,0.9982809,1.0002587,1.0009285,8.83E-06,-1.42E-06
7225.9032,0.99751715,0.99868682,0.99990832,1.001078,5.59E-05,7.78E-06
7231.0224,0.99817044,0.99911534,1.0002883,1.0012332,8.66E-05,1.36E-06
7236.1295,0.99840255,0.9995455,1.0002434,1.0013864,6.99E-05,-2.15E-06
7241.0485,0.99887096,0.99996223,1.0004408,1.0015321,6.50E-05,-2.24E-06
7246.1661,0.99905526,1.0003982,1.0003389,1.0016818,4.74E-05,6.78E-07
7251.3017,0.99935662,1.0008381,1.0003486,1.00183,7.20E-05,5.97E-06
7256.23,0.99977971,1.0012623,1.0004876,1.0019702,1.07E-04,4.06E-06
7261.1661,1.0004168,1.0016892,1.0008361,1.0021085,1.12E-04,2.30E-07
7266.3384,1.0009123,1.0021386,1.0010247,1.002251,1.10E-04,4.52E-07
7271.4986,1.0015514,1.0025888,1.0013532,1.0023907,1.17E-04,5.77E-06
7276.6886,1.0021203,1.0030436,1.0016052,1.0025285,1.70E-04,4.27E-06
7282.0784,1.003345,1.0035177,1.002496,1.0026687,1.62E-04,-5.92E-06
7287.4821,1.003868,1.0039948,1.0026794,1.0028062,1.06E-04,-5.34E-06
7292.925,1.0044909,1.004477,1.0029552,1.0029413,1.04E-04,-2.05E-07
7298.603,1.0050245,1.0049819,1.0031214,1.0030788,1.03E-04,6.43E-07
7304.2647,1.0056631,1.0054871,1.0033883,1.0032123,1.11E-04,-7.18E-07
7309.6951,1.0062589,1.0059732,1.0036225,1.0033368,9.54E-05,-3.34E-06
7315.1616,1.0067027,1.0064641,1.0036972,1.0034586,7.49E-05,1.43E-07
7320.8843,1.0070971,1.0069796,1.0036999,1.0035824,9.70E-05,3.75E-06
7326.5917,1.0078115,1.0074952,1.0040182,1.0037019,1.18E-04,1.26E-06
7332.2679,1.0084377,1.0080095,1.004245,1.0038168,1.11E-04,6.80E-09
7337.9929,1.0090811,1.0085296,1.0044801,1.0039286,1.18E-04,-4.01E-07
7343.5012,1.0097615,1.0090314,1.0047623,1.0040322,1.07E-04,-3.12E-06
7349.0077,1.010258,1.0095342,1.0048558,1.004132,8.35E-05,-3.41E-06
7354.7322,1.0106991,1.0100581,1.0048725,1.0042316,6.86E-05,-2.92E-06
7360.4636,1.0110438,1.0105839,1.0047868,1.0043269,5.00E-05,1.49E-06
7365.9978,1.0112623,1.0110927,1.0045844,1.0044148,8.54E-05,3.66E-06
7371.5495,1.0119902,1.0116041,1.0048849,1.0044989,9.06E-05,-9.76E-07
7377.3225,1.0122881,1.012137,1.0047329,1.0045818,7.43E-05,-9.44E-07
7383.0816,1.0128473,1.0126695,1.0048376,1.0046599,7.97E-05,-1.87E-06
7388.6404,1.0131901,1.0131844,1.0047366,1.0047309,5.32E-05,5.37E-08
7394.2241,1.0134396,1.0137024,1.0045349,1.0047978,8.03E-05,5.11E-06
7400.032,1.0141048,1.014242,1.0047253,1.0048626,1.11E-04,3.75E-06
7405.8344,1.0147332,1.0147819,1.0048737,1.0049224,1.24E-04,3.20E-07
7411.4218,1.0155155,1.0153024,1.0051885,1.0049754,1.15E-04,-7.73E-07
7417.2787,1.01605,1.0158486,1.0052272,1.0050259,1.15E-04,-6.73E-07
7423.125,1.0168616,1.0163944,1.0055382,1.0050711,1.07E-04,-2.12E-06
7428.7379,1.0172783,1.016919,1.0054688,1.0051096,9.07E-05,-2.21E-06
7434.5777,1.0179009,1.0174652,1.0055801,1.0051444,8.18E-05,-1.45E-06
7440.4682,1.0182383,1.0180165,1.005396,1.0051742,7.38E-05,1.56E-06
7446.145,1.0187543,1.0185481,1.0054038,1.0051977,9.99E-05,1.98E-06
7451.8052,1.0193704,1.0190785,1.0055078,1.0052159,9.62E-05,-1.60E-06
7457.7012,1.0198663,1.0196311,1.0054646,1.0052294,8.13E-05,-2.32E-06
7463.6239,1.0203318,1.0201864,1.0053826,1.0052373,6.88E-05,1.95E-06
7469.3446,1.0206673,1.0207228,1.0051838,1.0052393,1.04E-04,8.83E-07
7475.0664,1.0215227,1.0212594,1.0054991,1.0052358,7.89E-05,-4.81E-06
7481.0056,1.0215874,1.0218162,1.0049975,1.0052264,4.80E-05,1.56E-06
7486.9647,1.0220943,1.0223749,1.0049302,1.0052108,9.74E-05,3.13E-06
7492.7321,1.0227301,1.0229154,1.0050046,1.0051899,8.47E-05,-2.63E-06
7498.4725,1.0230692,1.0234531,1.0047794,1.0051633,6.72E-05,1.12E-07
7504.4447,1.0235172,1.0240123,1.0046344,1.0051295,8.60E-05,9.58E-07
7510.6361,1.0241156,1.0245916,1.0046116,1.0050877,7.89E-05,1.02E-06
7516.8852,1.0244981,1.0251759,1.0043608,1.0050385,9.87E-05,1.04E-06
7523.1461,1.02535,1.025761,1.0045714,1.0049825,9.18E-05,-5.50E-07
7529.6021,1.0256657,1.0263643,1.004219,1.0049176,9.17E-05,1.56E-06
7535.8928,1.0265185,1.0269522,1.0044141,1.0048478,1.12E-04,4.01E-06
7541.949,1.0270454,1.0275183,1.0043015,1.0047744,1.41E-04,4.00E-06
7548.4599,1.0282928,1.0281273,1.0048545,1.004689,1.62E-04,-2.28E-06
7554.7493,1.0291185,1.0287161,1.0050027,1.0046002,1.12E-04,-2.73E-06
7560.8413,1.0296795,1.029287,1.0049011,1.0045085,1.28E-04,-3.67E-08
7567.3974,1.0307397,1.0299022,1.0052412,1.0044037,1.12E-04,-3.08E-06
7573.9139,1.0311376,1.0305148,1.0049162,1.0042934,8.80E-05,-7.82E-07
7580.2516,1.0318705,1.0311116,1.0049392,1.0041803,1.01E-04,-3.69E-06
7586.5474,1.0324196,1.0317058,1.0047764,1.0040626,4.14E-05,-4.28E-06
7592.8156,1.0323902,1.0322988,1.0040316,1.0039402,4.77E-05,3.16E-06
7599.1414,1.0330204,1.0328988,1.0039331,1.0038115,8.11E-05,1.23E-06
7605.5267,1.0334217,1.0335062,1.0035921,1.0036766,6.33E-05,2.12E-07
7612.0761,1.033839,1.0341311,1.0032408,1.003533,8.39E-05,3.66E-06
7618.6684,1.0345242,1.0347624,1.0031452,1.0033834,1.11E-04,2.05E-06
7625.073,1.035287,1.0353779,1.0031423,1.0032333,1.10E-04,7.44E-07
7631.4436,1.0359356,1.0359926,1.0030226,1.0030796,1.21E-04,-1.83E-06
7637.8107,1.0368273,1.0366095,1.0031394,1.0029217,8.72E-05,-6.89E-06
7644.2574,1.0370527,1.0372369,1.0025734,1.0027576,3.27E-05,-1.38E-06
7650.9323,1.0372559,1.0378895,1.0019498,1.0025834,6.90E-05,7.23E-06
7657.574,1.0379721,1.0385421,1.0018358,1.0024059,1.29E-04,4.84E-06
7664.0662,1.0389492,1.0391834,1.0019943,1.0022285,1.33E-04,-2.20E-06
7670.5697,1.0396956,1.0398293,1.0019136,1.0020473,1.00E-04,-1.39E-06
7677.0403,1.0402515,1.0404755,1.0016394,1.0018635,1.15E-04,-5.51E-07
7683.5593,1.0411842,1.0411304,1.0017288,1.001675,9.32E-05,-1.48E-06
7690.1302,1.0414717,1.0417945,1.0011589,1.0014818,9.52E-05,3.28E-06
7696.6361,1.042429,1.0424562,1.0012603,1.0012875,1.36E-04,-1.05E-06
7703.1608,1.0432457,1.0431242,1.0012113,1.0010898,8.15E-05,-2.05E-06
7709.7664,1.0434994,1.043805,1.0005814,1.000887,1.09E-04,4.64E-06
7716.3424,1.0446846,1.0444875,1.0008796,1.0006826,1.43E-04,-1.18E-06
7723.1084,1.0454031,1.0451948,1.000678,1.0004698,9.34E-05,-2.14E-06
7729.7351,1.0459356,1.0458929,1.0003018,1.0002591,1.14E-04,2.44E-06
7736.0984,1.0468846,1.0465682,1.0003712,1.0000549,1.25E-04,-1.30E-06
7742.9595,1.0475895,1.047302,1.0001202,0.99983272,9.69E-05,-2.35E-06
7749.62,1.0481944,1.0480202,0.99978954,0.99961534,9.33E-05,1.69E-06
7756.0622,1.0488126,1.0487205,0.99949575,0.99940363,1.19E-04,2.33E-06
7763.0173,1.0497884,1.0494829,0.99947903,0.99917363,1.25E-04,-1.88E-06
7769.9846,1.0505469,1.0502535,0.99923521,0.9989418,9.27E-05,-1.14E-06
7776.7774,1.0510644,1.0510109,0.9987676,0.99871415,1.09E-04,4.25E-07
7783.7785,1.0520486,1.0517977,0.99872834,0.9984775,9.86E-05,-2.42E-06
7790.7782,1.0524449,1.0525902,0.99809318,0.99823855,7.49E-05,1.15E-06
7797.8657,1.0531042,1.0533984,0.99769972,0.99799387,1.15E-04,3.82E-06
7805.1328,1.0540934,1.0542325,0.99760065,0.9977398,1.30E-04,1.17E-06
7812.2133,1.0549662,1.0550504,0.99740458,0.99748878,1.32E-04,-5.92E-07
7819.0622,1.0559272,1.0558459,0.99732367,0.99724241,1.22E-04,-8.68E-07
7826.1086,1.056655,1.0566687,0.99697123,0.99698495,1.20E-04,-1.82E-06
7833.2456,1.0576233,1.057506,0.99683698,0.99671973,9.58E-05,9.88E-07
7840.1215,1.0579968,1.0583163,0.99614013,0.99645966,1.33E-04,3.65E-06
7847.2107,1.0594866,1.0591551,0.99651808,0.99618651,1.47E-04,-3.19E-06
7854.387,1.0600906,1.0600072,0.99598792,0.99590449,8.79E-05,-3.27E-06
7861.5664,1.0607486,1.0608624,0.99550257,0.99561644,9.99E-05,2.09E-06
7868.6843,1.0615183,1.0617128,0.99513023,0.99532469,1.18E-04,3.25E-06
7875.6552,1.0624073,1.0625475,0.99489244,0.99503267,1.46E-04,-5.20E-07
7882.8651,1.0635838,1.0634126,0.99489493,0.99472376,1.10E-04,-3.12E-06
7890.0527,1.0639962,1.0642763,0.99412829,0.99440849,1.01E-04,3.22E-06
7897.3333,1.0650402,1.0651523,0.99396921,0.99408135,1.57E-04,1.42E-06
7904.5755,1.0662753,1.0660244,0.99399867,0.99374777,1.21E-04,-5.04E-06
7911.8706,1.0668025,1.0669032,0.99330247,0.99340318,8.37E-05,-5.69E-07
7919.2006,1.0675,1.0677862,0.99276169,0.99304789,1.13E-04,1.24E-06
7926.461,1.0684499,1.0686603,0.99247625,0.99268668,1.02E-04,-3.76E-07
7933.7845,1.0689851,1.0695414,0.99175635,0.99231259,1.07E-04,2.71E-06
7940.866,1.0699975,1.0703922,0.99154646,0.99194121,1.41E-04,1.61E-06
7948.1507,1.0710098,1.071266,0.99129272,0.99154891,1.31E-04,-1.24E-06
7955.5159,1.0719099,1.0721475,0.99090369,0.99114133,1.23E-04,-3.67E-07
7962.6301,1.0727883,1.0729969,0.99052823,0.99073684,1.25E-04,1.54E-06
7969.9671,1.0737196,1.0738703,0.99015744,0.9903082,1.45E-04,6.32E-07
7977.3798,1.0749293,1.0747498,0.99004241,0.98986292,1.35E-04,-1.23E-06
7984.7999,1.0757153,1.0756266,0.98949314,0.98940453,1.27E-04,-3.44E-07
7992.1575,1.0768055,1.0764923,0.98925018,0.98893708,1.29E-04,6.64E-07
7999.5974,1.077631,1.0773635,0.98871837,0.98845096,1.37E-04,4.25E-07
8007.024,1.078839,1.0782286,0.98856225,0.98795184,1.36E-04,-8.61E-07
8014.4141,1.0796427,1.0790845,0.98799927,0.98744104,1.24E-04,-1.14E-06
8021.8993,1.0806841,1.079946,0.98764699,0.98690888,1.19E-04,8.99E-08
8029.3379,1.0814165,1.0807963,0.98698511,0.98636493,1.25E-04,8.67E-08
8036.7698,1.0825485,1.0816397,0.98671478,0.98580603,1.20E-04,-2.61E-06
8044.0115,1.0831795,1.0824553,0.98597036,0.98524623,8.71E-05,-4.56E-06
